[TEXTURES]
0	textures\mario.png	255	255	255
10	textures\enemy.png	200	200	200
40	textures\misc.png	225	255	255
50	textures\effect.png	0	0	0
100	textures\intro.png	25	25	25
30	textures\Map\Intro\intro_x3.png	25	25	25

[SPRITES]
# SMALL MARIO 
# idle left
10001	1722	24	1758	72	0
# walk
10002	1670	24	1713	72	0
#jump
10003	1560	24	1608	72	0
#pre-fly
10004	1503	24	1551	72	0
10005	1449	24	1497	72	0
#fly
10006	1392	24	1440	72	0
#stop
10007	1617	24	1659	72	0
#kick
10008	1062	24	1110	72	0
#handle-shell
#idle
10009	1173	24	1212	72	0
#run + jump
10010	1119	24	1164	72	0
#front
10011	1280	24	1330	72	0
#die 
10099	1224	24	1272	72	0

#BIG MARIO					
#idle big					
11001	1887	144	1929	225	0
#walk					
11002	1830	144	1878	225	0
11003	1773	144	1821	225	0
#sit					
11004	1341	170	1383	225	0
#jump					
11005	1659	144	1707	225	0
#pre-fly					
11006	1593	144	1650	225	0
11007	1527	144	1584	225	0
11008	1458	144	1515	225	0
#fly					
11009	1392	144	1449	225	0
#stop					
11010	1716	141	1764	225	0
#kick					
11011	993	144	1056	225	0
#handle-shell					
#idle					
11012	1176	144	1218	225	0
#run					
11013	1122	144	1167	225	0
#jump					
11014	1065	144	1113	225	0
#front
11015	1226	144	1276	225	0

#RACCOON MARIO					
#idle					
12001	2217	426	2280	510	0
#walk					
12002	2142	426	2208	510	0
12003	2064	426	2133	510	0
#sit					
12004	888	456	954	510	0
#jump					
12005	1680	426	1749	510	0
#drop					
12006	1602	426	1671	510	0
12007	1524	426	1593	510	0
12008	1449	426	1515	510	0
#run-pre-fly					
12009	1368	426	1440	510	0
12010	1287	426	1359	510	0
12011	1206	426	1278	510	0
#fly					
12012	1125	426	1197	510	0
12013	1044	426	1116	510	0
12014	963	426	1035	510	0
#stop					
12015	2007	422	2055	510	0
#spin					
12016	2191	320	2287	405	0
#spin-front (id = 2)
12017	2191	219	2287	304	0
12018	2191	112	2287	197	0
#kick					
12019	531	426	598	510	0
#handle-shell					
#idle					
12020	759	426	823	510	0
#run					
12021	684	426	751	510	0
#jump					
12022	606	426	676	510	0
					
#FIRE MARIO					
#idle big					
13001	1860	327	1903	409	0
#walk					
13002	1806	327	1852	409	0
13003	1747	327	1795	409	0
#sit					
13004	1213	354	1255	409	0
#jump					
13005	1530	327	1579	409	0
#pre-fly				
13006	1465	327	1522	409	0
13007	1398	327	1456	409	0
13008	1330	327	1387	409	0
#fly					
13009	1263	327	1321	409	0
#stop					
13010	1689	324	1738	409	0
#kick					
13011	864	327	928	409	0
#handle-shell					
#idle					
13012	1048	327	1090	409	0
#run					
13013	993	327	1039	409	0
#jump					
13014	937	327	985	409	0
#shoot fire					
13015	1638	327	1681	409	0
13016	1587	327	1630	409	0
#front
13017	1096	327	1147	409	0

#EFFECT					
#small to big					
19001	2052	2065	2095	2087	0
#big to raccoon	&& destroyed fireball	
19002	113	2	163	52	50
19003	173	2	211	52	50
19004	227	2	265	52	50
19005	280	2	321	52	50
#raccoon attack by tail
19006	0	0	55	51	50
19007	59	0	109	51	50

#raccoon roll				
19100	1004	1022	1066	1087	0
19101	1073	1022	1135	1087	0
19102	1139	1022	1204	1087	0
19103	1211	1022	1279	1087	0
19104	1286	1022	1348	1087	0
19105	1355	1022	1417	1087	0
19106	1424	1022	1489	1087	0
19107	1496	1022	1564	1087	0

#LEAF					
52001	528	361	589	413	40

#KOOPAS					
70001	82	196	133	280	10
70002	139	196	190	280	10
#die					
70003	85	289	136	340	10
70004	148	289	199	340	10
70005	211	289	262	340	10
70006	210	222	269	275	10

#PARAKOOPA - GREEN					
#WING					
71001	313	384	364	468	10
71002	376	384	427	468	10
71003	439	384	491	468	10
#NO-WING					
71004	91	355	143	436	10
71005	148	355	200	436	10
#DIE					
71006	94	444	145	497	10
71007	157	444	208	497	10
71008	219	444	272	497	10
71009	220	378	278	431	10
									
#GOOMBA					
30001	25	31	76	82	10
30002	94	31	145	82	10
#die					
30003	160	52	211	82	10

#curtain
20001	0	55	862	641	100
#curtain after open
20002	0	685	862	731	100
#three
20003	167	1364	295	1488	100
20004	305	1364	433	1488	100
20005	446	1364	574	1488	100
20006	584	1364	712	1488	100
#super mario bros					
20007	30	1057	862	1355	100
#tree-left					
20008	1008	390	1211	686	100
#tree-right					
20009	991	969	1193	1167	100
#cloud-big					
20010	687	817	793	875	100
#cloud-small					
20011	901	829	961	861	100
#player game					
20012	216	744	531	867	100
#arrow					
20013	190	741	214	769	100

[ANIMATIONS]
# ==== MARIO =========
#SMALL
#idle
100	10001	100
#walk
101	10001	100	10002	100
#jump
102	10003	100
#run
103	10001	50	10002	50
#pre-fly
104	10004	50	10005	50
#fly
105	10006	100
#stop
106	10007	100
#kick
107	10008	1000
#drop
108	10003	100
#handle
#idle
109	10009	100
#walk
110	10009	100	10010	100
#jump
111	10010	100
#front
112	10011	100
#die
199	10099	100

#BIG
#idle
130	11001	100
#walk
131	11001	100	11002	100	11003	100
#sit
132	11004	100
#jump
133	11005	100
#run
134	11001	30	11002	30	11003	30
#pre-fly
135	11006	30	11007	30	11008	30
#fly
136	11009	100
#stop
137	11010	100
#kick
138	11011	1000
#drop
139	11003	100
#handle
#idle
140	11012	100
#walk
141	11012	100	11013	100
#jump
142	11014	100
#front
143	11015	100

#RACCOON
#idle
160	12001	100
#walk
161	12001	100	12002	100	12003	100
#sit
162	12004	100
#jump
163	12005	100
#run
164	12001	30	12002	30	12003	30
#drop
165	12006	40	12007	40	12008	40
#pre-fly
166	12009	30	12010	30	12011	30
#fly
167	12012	100	12013	100	12014	100
#stop
168	12015	100
#spin
169	12016	70	12017	70	12018	70
#kick
170	12019	1000
#drop
171	12006	100
#drop-fly
172	12006	100	12007	100
#handle
#idle
173	12020	100
#walk
174	12020	100	12021	100
#jump
175	12021	100
#front
176	12017	100

#FIRE
#idle
180	13001	100
#walk
181	13001	100	13002	100	13003	100
#sit
182	13004	100
#jump
183	13005	100
#run
184	13001	30	13002	30	13003	30
#pre-fly
185	13006	30	13007	30	13008	30
#fly
186	13009	100
#stop
187	13010	100
#kick
188	13011	1000
#drop
189	13003	100
#handle
#idle
190	13012	100
#walk
191	13012	100	13013	100
#jump
192	13014	100
#shoot fire
193	13015	50	13016	50
#jump shoot fire
194	13009	100
#front
195	13017	100

#Tranform mario
#small to big
200	10001	100	19001	100	10001	100	19001	100	10001	100	19001	100	11001	100	19001	100	11001	100	19001	100	11001	100
#big to raccoon
201	19002	100	19003	100	19004	100	19005	100
#raccoon attack by tail FX
202	19006	100	19007	100
#raccoon roll				
203	19100	30	19101	30	19102	30	19103	30	19104	30	19105	30	19106	30	19107	30
# ==== GOOMBA  =========
# walk
301	30001	100	30002	100
# die
302	30003	100

# ==== LEAF =========
520	52001	100

# ==== KOOPAS =========
701	70001	100	70002	100
702	70003	100
703	70003	100	70004	100	70005	100

# ==== PARA KOOPAS =========
711	71001	100	71002	100	71003	100
712	71004	100	71005	100
713	71006	100
714	71006	100	71007	100	71008	100

#curtain
601	20001	100
602	20002	100
604	20007	100
607	20003	100	20004	100	20005	100	20006	100
#arrow
605	20013	100

# id	ani1	ani2	ani3
[ANIMATION_SETS]
# MARIO
1	100	101	102	103	104	105	106	107	108	199	130	131	132	133	134	135	136	137	138	139	160	161	162	163	164	165	166	167	168	169	170	171	172	200	201	109	110	111	140	141	142	173	174	175	180	181	182	183	184	185	186	187	188	189	190	191	192	193	194	203	112	143	176	195

# GOOMBA
3	301	302

#LEAF
27	520

#KOOPAS
70	701	702	703
#PARA KOOPAS
71	711	712	713	714

#CURTAIN
60	601	602	604	607

#arrow
65	605

#id	name	texture_id	tileperRow	tileperColumn
[MAP]
7000	textures\Map\Intro\intro-map.tmx	30	12	12